Match Schedule

  1:   26    9   17   12
  2:    2    5   19   30
  3:    8   29   22   49
  4:    7   32    3   33
  5:   18   20   10    6
  6:   46   27    4   40
  7:   50   47   35   25
  8:    1   48   23   31
  9:   37   21   15   43
 10:   41   16   24   38
 11:   42   28   44   36
 12:   39   34   13   14
 13:   14   40    3   47
 14:   33    4   25   20
 15:   50    6   41   21
 16:   36   12   34   46
 17:   45    7    8    5
 18:   17   42   18   24
 19:   37   39   31   11
 20:   32   35   27   48
 21:   44    1   38   10
 22:    9   49   28   29
 23:   16   22   15   19
 24:    2   26   23   30
 25:   16   35   42   33
 26:    4   39    2   19
 27:   31   36   38   20
 28:   15   44   37   49
 29:    9   12   48   17
 30:   22    7   28   32
 31:   10   14   45   24
 32:   41    8   11   27
 33:    1   47   26   29
 34:   18   30   21   34
 35:    6    5   23   25
 36:   46   13    3   43
 37:   38   20   13   41
 38:   32   45    2   18
 39:   31   19   46   28
 40:    4   21   29    8
 41:   25   16   36   50
 42:   22    9   17   39
 43:   44    6   42   12
 44:   10    3   34   11
 45:   49   15   27   47
 46:    1   33   30   14
 47:   40   23   35    7
 48:   24   37    5   48
 49:   17   40   42   15
 50:   20   43   30    2
 51:   21   10   28   23
 52:    5   32   36   27
 53:   44   49    9   47
 54:    6   18    8   19
 55:   41    7   50   29
 56:   31   37   35    3
 57:   48   12   16    1
 58:   13   24   22   26
 59:   39   38   25   11
 60:   34   45   46   14
 61:   44    2   13   48
 62:   33    4   36   28
 63:   41   46    8   49
 64:   23   35   18   20
 65:   47   40   22   10
 66:   29   38   16   34
 67:   39   19   43   21
 68:   32   45   25   37
 69:    7   11   17    6
 70:    5   15   30    3
 71:   12   50   27   14
 72:    1    9   31   42

Schedule Statistics
Total Matches: 72
